
============== PARALLELISM & NUMERICAL SOLVERS ==============
total no MPI ranks  : 9
OMP threads level 1 : 32
OMP threads level 2 : 32
RGF dummy version
Solver : PARDISO

==================== MODEL SPECIFICATIONS ===================
spatial-temporal model.
sum(y) = -2.00616e+06
using SYNTHETIC DATASET

call spatial-temporal constructor.
Pardiso will be called with 32 threads per solver. 
Pardiso will be called with 32 threads per solver. 
Prior : pc
Smart gradient enabled.

======================= HYPERPARAMETERS =====================
theta original     :  1.386294 -5.882541  1.039721  3.688879
theta prior param  : 0.233333 0.098000 0.700000 0.233333
initial theta      :  4.000000 -3.344954  1.039721  1.386294
initial theta interpret. param. : 4.000000 0.000000 0.000000 0.000000

====================== CALL BFGS SOLVER =====================
lineserach condition : Wolfe.
Finite Difference    : h = 1.000000e-03
theta   :  4.000000 -3.344954  1.039721  1.386294,    f_theta : 15278356.326472,    error : 4.309606
theta   :  3.121284 -3.811719  0.939793  1.384799,    f_theta : 4818190.705781,    error : 3.552078
theta   :  2.598899 -4.102893  0.898550  1.383992,    f_theta : 2102085.691500,    error : 3.157529
theta   :  2.042007 -4.463482  0.859146  1.383206,    f_theta : 634701.318701,    error : 2.791491
theta   :  1.647445 -4.803245  0.830123  1.382821,    f_theta : 136325.071001,    error : 2.568057
theta   :  1.404950 -5.144671  0.806733  1.382970,    f_theta : -26648.426580,    error : 2.432344
theta   :  1.322660 -5.451685  0.790592  1.383857,    f_theta : -73424.071518,    error : 2.359000
theta   :  1.349953 -5.696879  0.785346  1.385918,    f_theta : -87088.663301,    error : 2.324678
theta   :  1.383268 -5.782245  0.805015  1.390074,    f_theta : -88406.418583,    error : 2.312933
theta   :  1.380000 -5.796415  0.826144  1.393398,    f_theta : -88558.270023,    error : 2.307013
theta   :  1.373590 -5.839196  0.944904  1.411416,    f_theta : -89185.782492,    error : 2.279884
theta   :  1.359918 -5.975598  1.467260  1.488974,    f_theta : -91459.437485,    error : 2.243151
theta   :  1.372706 -5.998455  1.584748  1.506191,    f_theta : -91735.010911,    error : 2.252732
theta   :  1.410001 -5.934464  1.459032  1.489372,    f_theta : -92248.452337,    error : 2.239846
theta   :  1.389753 -5.922083  1.470989  1.490814,    f_theta : -92535.649111,    error : 2.240325
theta   :  1.386811 -5.914048  1.480815  1.492523,    f_theta : -92563.070588,    error : 2.240432
theta   :  1.387219 -5.911193  1.478937  1.493006,    f_theta : -92564.145204,    error : 2.239552
theta   :  1.387254 -5.911021  1.478917  1.493705,    f_theta : -92564.302227,    error : 2.238860
theta   :  1.387293 -5.910831  1.478894  1.494473,    f_theta : -92564.463722,    error : 2.238100
theta   :  1.387913 -5.908601  1.479349  1.515378,    f_theta : -92567.973872,    error : 2.217670
theta   :  1.388600 -5.905863  1.480388  1.564514,    f_theta : -92575.174251,    error : 2.169715
theta   :  1.390283 -5.899719  1.485118  1.755427,    f_theta : -92602.310065,    error : 1.984169
theta   :  1.396965 -5.875596  1.509346  2.756060,    f_theta : -92724.500899,    error : 1.044443
theta   :  1.394240 -5.887386  1.500025  2.462961,    f_theta : -92803.681883,    error : 1.309519
theta   :  1.392679 -5.894853  1.491629  3.017582,    f_theta : -93377.046787,    error : 0.809354
theta   :  1.397421 -5.901311  1.479430  3.303685,    f_theta : -93544.437311,    error : 0.584974
theta   :  1.371089 -5.913757  1.452768  3.420420,    f_theta : -93782.054086,    error : 0.493845
theta   :  1.389428 -5.943726  1.402496  3.396289,    f_theta : -94250.364911,    error : 0.470073
theta   :  1.392727 -5.941658  1.373852  3.522946,    f_theta : -94359.300250,    error : 0.377775
theta   :  1.391165 -5.907545  1.280620  3.583758,    f_theta : -94649.596058,    error : 0.264068
theta   :  1.387162 -5.885222  1.191364  3.581587,    f_theta : -94791.988929,    error : 0.185782
theta   :  1.382448 -5.888413  1.174572  3.619242,    f_theta : -94804.302997,    error : 0.151932
theta   :  1.384442 -5.881448  1.116608  3.641541,    f_theta : -94848.004453,    error : 0.090316
theta   :  1.387224 -5.884514  1.066170  3.674404,    f_theta : -94867.911326,    error : 0.030229
theta   :  1.386387 -5.879925  1.037059  3.682377,    f_theta : -94871.390265,    error : 0.007497
theta   :  1.386154 -5.880030  1.033686  3.680612,    f_theta : -94871.559405,    error : 0.010540
theta   :  1.386250 -5.879606  1.029438  3.683308,    f_theta : -94871.638280,    error : 0.012058
theta   :  1.386079 -5.879697  1.028058  3.685586,    f_theta : -94871.656903,    error : 0.012450
theta   :  1.386179 -5.879689  1.027259  3.685775,    f_theta : -94871.663191,    error : 0.013156
theta   :  1.386179 -5.879705  1.027319  3.685740,    f_theta : -94871.663240,    error : 0.013104
theta   :  1.386180 -5.879715  1.027343  3.685752,    f_theta : -94871.663248,    error : 0.013076
convergence criterion met abs(f(x_k) - f(x_k-1)) = 0.00005770
39 iterations and 468 fn calls.

f(x)                         : -94871.66324833
grad                         : -0.04657701 -0.11237268 -0.01936430  0.01403893

orig. mean parameters        :  1.38629400 -5.88254100  1.03972100  3.68887900
est.  mean parameters        :  1.38617952 -5.87971525  1.02734345  3.68575170

orig. mean interpret. param. : 1.38629400 2.30258418 -0.00000023 1.38629479
est.  mean interpret. param. : 1.38617952 2.32421197 0.01237732 1.39741024
estimated hessian         : 
 854560.99961544  -36930.96242955  146548.74311371  -75145.85465607
 -36930.96242954   53570.40389188 -207036.72153407  107715.28544945
 146548.74311371 -207036.72153409  835157.52635269 -461929.30860519
 -75145.85465606  107715.28544946 -461929.30860519  283179.35546218
eigenvalues hessian : 
1224002.19423415
 777633.36358073
  24357.56541311
    475.16209421

covariance interpr. param.  : 
 0.00000121 -0.00000178 -0.00000104 -0.00000070
-0.00000178  0.00173692  0.00066700  0.00042687
-0.00000104  0.00066700  0.00026849  0.00018398
-0.00000070  0.00042687  0.00018398  0.00014108

==================== compute marginal variances ================

USING ESTIMATED THETA :  1.38629400 -5.88254100  1.03972100  3.68887900

estimated mean fixed effects : -1.00892  2.99988 0.500681  2.00055 0.999629 -1.99943
estimated mean random effects:  -1.62421   -2.0174  -1.04606 -0.873891  -1.68828  -2.01447  -2.70772  -1.69776 -0.709029 -0.137479
est. standard dev fixed eff  : 0.27787450 0.00037416 0.00037447 0.00037472 0.00037460 0.00074915
est. std dev random eff      : 0.35048757 0.39735428 0.35595391 0.36650447 0.35825613 0.35534988 0.41007850 0.37180969 0.35716988 0.36027012

time BFGS solver             : 6025.98590101 sec
time get covariance          : 471.61222104 sec
time get marginals FE        : 188.88163293 sec
total time                   : 6760.48890145 sec
